list(R= structure(.Data= c(1.00000E+00, 0.00000E+00, 0.00000E+00, 1.00000E+00), .Dim=c(2, 2)), NTrain=c(6.00000E+00, 7.00000E+00, 3.00000E+00), N.mix1=5.00000E+00, N.mix2=6.00000E+00, N.mix3=4.00000E+00, Ntrain.oto=1.60000E+01, G=3.00000E+00, V=2.00000E+00, Train.oto=c(1.00000E+00, 1.00000E+00, 1.00000E+00, 1.00000E+00, 1.00000E+00, 1.00000E+00, 2.00000E+00, 2.00000E+00, 2.00000E+00, 2.00000E+00, 2.00000E+00, 2.00000E+00, 2.00000E+00, 3.00000E+00, 3.00000E+00, 3.00000E+00), alpha=c(3.33333E-01, 3.33333E-01, 3.33333E-01), y.mean1=c(-2.45833E-01, -3.48183E+00), y.mean2=c(1.90429E-01, -5.42086E+00), y.mean3=c(7.21667E-01, -4.55700E+00), y.mix1= structure(.Data= c(-1.32000E-01, -5.86900E+00, -8.20000E-02, -5.29800E+00, 1.26000E-01, -4.85800E+00, -5.67000E-01, -4.46700E+00, -8.53000E-01, -4.78800E+00), .Dim=c(5, 2)), y.mix2= structure(.Data= c(2.99000E-01, -5.71700E+00, -1.18000E-01, -6.84300E+00, 2.28000E-01, -6.39000E+00, 7.60000E-02, -6.83200E+00, -2.96000E-01, -6.91800E+00, -2.13000E-01, -7.09000E+00), .Dim=c(6, 2)), y.mix3= structure(.Data= c(-1.67000E-01, -7.68100E+00, -1.31000E-01, -7.30700E+00, -3.70000E-02, -6.23700E+00, -5.60000E-02, -6.25700E+00), .Dim=c(4, 2)), y.base= structure(.Data= c(1.33000E-01, -3.72200E+00, -8.04000E-01, -3.71600E+00, 1.26000E-01, -3.76500E+00, 3.04000E-01, -3.20500E+00, -6.69000E-01, -3.18400E+00, -5.65000E-01, -3.29900E+00, -1.89000E-01, -5.10500E+00, 8.20000E-02, -5.22700E+00, 3.78000E-01, -3.88200E+00, 9.20000E-02, -6.25100E+00, 9.00000E-02, -5.63900E+00, 4.10000E-01, -6.11400E+00, 4.70000E-01, -5.72800E+00, 7.67000E-01, -4.12800E+00, 5.87000E-01, -4.81900E+00, 8.11000E-01, -4.72400E+00), .Dim=c(16, 2)))
