list(R= structure(.Data= c(1.00000E+00, 0.00000E+00, 0.00000E+00, 1.00000E+00), .Dim=c(2, 2)), NTrain=c(6.00000E+00, 3.00000E+00), N.mix1=6.00000E+00, N.mix2=3.00000E+00, Ntrain.oto=9.00000E+00, G=2.00000E+00, V=2.00000E+00, Train.oto=c(1.00000E+00, 1.00000E+00, 1.00000E+00, 1.00000E+00, 1.00000E+00, 1.00000E+00, 2.00000E+00, 2.00000E+00, 2.00000E+00), alpha=c(5.00000E-01, 5.00000E-01), y.mean1=c(-4.30583E+00, -2.73667E-01), y.mean2=c(-4.07300E+00, -2.40000E-02), y.mix1= structure(.Data= c(-3.98300E+00, -7.36000E-01, -6.13100E+00, -9.36000E-01, -5.34700E+00, -1.31500E+00, -4.74600E+00, -5.53000E-01, -4.24800E+00, -5.07000E-01, -4.38700E+00, -2.62000E-01), .Dim=c(6, 2)), y.mix2= structure(.Data= c(-7.04500E+00, -5.47000E-01, -4.52300E+00, -9.95000E-01, -6.79600E+00, -1.20500E+00), .Dim=c(3, 2)), y.base= structure(.Data= c(-4.28400E+00, 3.80000E-02, -3.77600E+00, -4.30000E-01, -4.30000E+00, -9.63000E-01, -4.56100E+00, 6.20000E-02, -4.40800E+00, -3.44000E-01, -4.50600E+00, -5.00000E-03, -4.11100E+00, -1.06000E-01, -4.02800E+00, -1.12000E-01, -4.08000E+00, 1.46000E-01), .Dim=c(9, 2)))
