list(R= structure(.Data= c(1.00000E+00, 0.00000E+00, 0.00000E+00, 1.00000E+00), .Dim=c(2, 2)), NTrain=c(6.00000E+00, 8.00000E+00, 9.00000E+00, 5.00000E+00), N.mix1=6.00000E+00, N.mix2=7.00000E+00, N.mix3=9.00000E+00, N.mix4=5.00000E+00, Ntrain.oto=2.80000E+01, G=4.00000E+00, V=2.00000E+00, Train.oto=c(1.00000E+00, 1.00000E+00, 1.00000E+00, 1.00000E+00, 1.00000E+00, 1.00000E+00, 2.00000E+00, 2.00000E+00, 2.00000E+00, 2.00000E+00, 2.00000E+00, 2.00000E+00, 2.00000E+00, 2.00000E+00, 3.00000E+00, 3.00000E+00, 3.00000E+00, 3.00000E+00, 3.00000E+00, 3.00000E+00, 3.00000E+00, 3.00000E+00, 3.00000E+00, 4.00000E+00, 4.00000E+00, 4.00000E+00, 4.00000E+00, 4.00000E+00), alpha=c(2.50000E-01, 2.50000E-01, 2.50000E-01, 2.50000E-01), y.mean1=c(-2.73667E-01, -4.30583E+00), y.mean2=c(-1.18250E-01, -3.74113E+00), y.mean3=c(1.48889E-01, -5.57967E+00), y.mean4=c(6.15100E-01, -4.53980E+00), y.mix1= structure(.Data= c(-1.31500E+00, -5.34700E+00, -2.62000E-01, -4.38700E+00, -9.36000E-01, -6.13100E+00, -7.36000E-01, -3.98300E+00, -5.53000E-01, -4.74600E+00, -5.07000E-01, -4.24800E+00), .Dim=c(6, 2)), y.mix2= structure(.Data= c(-1.32000E-01, -5.86900E+00, -8.32000E-01, -6.68400E+00, 1.26000E-01, -4.85800E+00, -5.67000E-01, -4.46700E+00, 7.29000E-01, -6.04100E+00, -8.53000E-01, -4.78800E+00, -8.20000E-02, -5.29800E+00), .Dim=c(7, 2)), y.mix3= structure(.Data= c(-4.01000E-01, -7.60600E+00, 7.60000E-02, -6.83200E+00, 2.99000E-01, -5.71700E+00, -1.18000E-01, -6.84300E+00, 2.28000E-01, -6.39000E+00, -2.96000E-01, -6.91800E+00, -2.13000E-01, -7.09000E+00, 6.24000E-01, -6.28200E+00, -4.31000E-01, -6.36700E+00), .Dim=c(9, 2)), y.mix4= structure(.Data= c(-1.49000E-01, -7.49400E+00, -3.70000E-02, -6.23700E+00, 4.08500E-01, -6.68350E+00, 4.58000E-01, -6.75400E+00, -5.60000E-02, -6.25700E+00), .Dim=c(5, 2)), y.base= structure(.Data= c(-9.63000E-01, -4.30000E+00, -5.00000E-03, -4.50600E+00, -4.30000E-01, -3.77600E+00, 3.80000E-02, -4.28400E+00, 6.20000E-02, -4.56100E+00, -3.44000E-01, -4.40800E+00, 1.33000E-01, -3.72200E+00, -8.04000E-01, -3.71600E+00, 1.80000E-01, -4.33900E+00, 3.04000E-01, -3.20500E+00, -6.69000E-01, -3.18400E+00, 3.49000E-01, -4.69900E+00, -5.65000E-01, -3.29900E+00, 1.26000E-01, -3.76500E+00, -1.50000E-01, -7.00800E+00, 9.20000E-02, -6.25100E+00, 9.00000E-02, -5.63900E+00, -1.89000E-01, -5.10500E+00, 8.20000E-02, -5.22700E+00, 3.78000E-01, -3.88200E+00, 4.10000E-01, -6.11400E+00, 4.70000E-01, -5.72800E+00, 1.57000E-01, -5.26300E+00, 7.67000E-01, -4.12800E+00, 5.87000E-01, -4.81900E+00, 3.71500E-01, -4.29300E+00, 5.39000E-01, -4.73500E+00, 8.11000E-01, -4.72400E+00), .Dim=c(28, 2)))
