list(lambda= structure(.Data= c(1.00000E+00, 1.00000E+00, 1.00000E+00, 1.00000E+00), .Dim=c(2, 2)), T4=c(1.00000E+00, 2.00000E+00, 1.00000E+00, 1.00000E+00, 1.00000E+00, 1.00000E+00), tau= structure(.Data= c(1.00000E+00, 0.00000E+00, 0.00000E+00, 1.00000E+00), .Dim=c(2, 2)))
