list(lambda= structure(.Data= c(1.00000E+00, 1.00000E+00, 1.00000E+00, 1.00000E+00, 1.00000E+00, 1.00000E+00), .Dim=c(3, 2)), T1=c(1.00000E+00, 1.00000E+00, 2.00000E+00, 3.00000E+00, 2.00000E+00, 2.00000E+00, 1.00000E+00), T2=c(1.00000E+00, 3.00000E+00, 3.00000E+00, 1.00000E+00, 3.00000E+00, 3.00000E+00, 2.00000E+00, 2.00000E+00, 1.00000E+00, 1.00000E+00, 1.00000E+00, 3.00000E+00), T3=c(2.00000E+00, 1.00000E+00, 3.00000E+00, 2.00000E+00, 2.00000E+00, 3.00000E+00, 3.00000E+00), tau= structure(.Data= c(1.00000E+00, 0.00000E+00, 0.00000E+00, 1.00000E+00), .Dim=c(2, 2)))
