list(R= structure(.Data= c(1.00000E+00, 0.00000E+00, 0.00000E+00, 1.00000E+00), .Dim=c(2, 2)), NTrain=c(5.00000E+00, 3.00000E+00, 4.00000E+00, 8.00000E+00, 4.00000E+00, 6.00000E+00), N.mix1=4.00000E+00, N.mix2=3.00000E+00, N.mix3=4.00000E+00, N.mix4=8.00000E+00, N.mix5=4.00000E+00, N.mix6=7.00000E+00, Ntrain.oto=3.00000E+01, G=6.00000E+00, V=2.00000E+00, Train.oto=c(1.00000E+00, 1.00000E+00, 1.00000E+00, 1.00000E+00, 1.00000E+00, 2.00000E+00, 2.00000E+00, 2.00000E+00, 3.00000E+00, 3.00000E+00, 3.00000E+00, 3.00000E+00, 4.00000E+00, 4.00000E+00, 4.00000E+00, 4.00000E+00, 4.00000E+00, 4.00000E+00, 4.00000E+00, 4.00000E+00, 5.00000E+00, 5.00000E+00, 5.00000E+00, 5.00000E+00, 6.00000E+00, 6.00000E+00, 6.00000E+00, 6.00000E+00, 6.00000E+00, 6.00000E+00), alpha=c(1.66667E-01, 1.66667E-01, 1.66667E-01, 1.66667E-01, 1.66667E-01, 1.66667E-01), y.mean1=c(-4.04820E+00, -3.20000E-03), y.mean2=c(-3.70500E+00, -3.35500E-01), y.mean3=c(-3.62425E+00, -8.27500E-02), y.mean4=c(-4.83250E+00, 1.65187E-01), y.mean5=c(-5.93300E+00, 2.65500E-01), y.mean6=c(-4.49867E+00, 5.74500E-01), y.mix1= structure(.Data= c(-5.86900E+00, -1.32000E-01, -6.68400E+00, -8.32000E-01, -5.29800E+00, -8.20000E-02, -6.04100E+00, 7.29000E-01), .Dim=c(4, 2)), y.mix2= structure(.Data= c(-4.78800E+00, -8.53000E-01, -5.91650E+00, -7.00000E-01, -7.04500E+00, -5.47000E-01), .Dim=c(3, 2)), y.mix3= structure(.Data= c(-4.52300E+00, -9.95000E-01, -6.79600E+00, -1.20500E+00, -4.85800E+00, 1.26000E-01, -4.46700E+00, -5.67000E-01), .Dim=c(4, 2)), y.mix4= structure(.Data= c(-6.84300E+00, -1.18000E-01, -6.39000E+00, 2.28000E-01, -5.71700E+00, 2.99000E-01, -6.62500E+00, -7.11000E-01, -6.19600E+00, -3.87000E-01, -5.53500E+00, -2.00000E-02, -6.36700E+00, -4.31000E-01, -7.60600E+00, -4.01000E-01), .Dim=c(8, 2)), y.mix5= structure(.Data= c(-6.28200E+00, 6.24000E-01, -6.91800E+00, -2.96000E-01, -7.09000E+00, -2.13000E-01, -6.83200E+00, 7.60000E-02), .Dim=c(4, 2)), y.mix6= structure(.Data= c(-7.68100E+00, -1.67000E-01, -6.43700E+00, 2.27000E-01, -6.93000E+00, 5.90000E-01, -7.30700E+00, -1.31000E-01, -6.23700E+00, -3.70000E-02, -6.25700E+00, -5.60000E-02, -6.75400E+00, 4.58000E-01), .Dim=c(7, 2)), y.base= structure(.Data= c(-3.71600E+00, -8.04000E-01, -3.72200E+00, 1.33000E-01, -4.33900E+00, 1.80000E-01, -3.76500E+00, 1.26000E-01, -4.69900E+00, 3.49000E-01, -3.29900E+00, -5.65000E-01, -3.70500E+00, -3.35500E-01, -4.11100E+00, -1.06000E-01, -4.02800E+00, -1.12000E-01, -4.08000E+00, 1.46000E-01, -3.20500E+00, 3.04000E-01, -3.18400E+00, -6.69000E-01, -5.22700E+00, 8.20000E-02, -3.88200E+00, 3.78000E-01, -5.10500E+00, -1.89000E-01, -3.24400E+00, 3.55500E-01, -4.73800E+00, 3.82000E-01, -4.19300E+00, 3.06000E-01, -5.26300E+00, 1.57000E-01, -7.00800E+00, -1.50000E-01, -6.11400E+00, 4.10000E-01, -5.72800E+00, 4.70000E-01, -6.25100E+00, 9.20000E-02, -5.63900E+00, 9.00000E-02, -4.12800E+00, 7.67000E-01, -4.15500E+00, 4.75000E-01, -4.43100E+00, 2.68000E-01, -4.81900E+00, 5.87000E-01, -4.72400E+00, 8.11000E-01, -4.73500E+00, 5.39000E-01), .Dim=c(30, 2)))
